5000	1	5000	
4999	2	4999	
4998	3	4998	
4997	4	4997	
4996	5	4996	
4995	6	4995	
4994	7	4994	
4993	8	4993	
4992	9	4992	
4991	10	4991	
4990	11	4990	
4989	12	4989	
4988	13	4988	
4987	14	4987	
4986	15	4986	
4985	16	4985	
4984	17	4984	
4983	18	4983	
4982	19	4982	
4981	20	4981	
4980	21	4980	
4979	22	4979	
4978	23	4978	
4977	24	4977	
4976	25	4976	
4975	26	4975	
4974	27	4974	
4973	28	4973	
4972	29	4972	
4971	30	4971	
4970	31	4970	
4969	32	4969	
4968	33	4968	
4967	34	4967	
4966	35	4966	
4965	36	4965	
4964	37	4964	
4963	38	4963	
4962	39	4962	
4961	40	4961	
4960	41	4960	
4959	42	4959	
4958	43	4958	
4957	44	4957	
4956	45	4956	
4955	46	4955	
4954	47	4954	
4953	48	4953	
4952	49	4952	
4951	50	4951	
4950	51	4950	
4949	52	4949	
4948	53	4948	
4947	54	4947	
4946	55	4946	
4945	56	4945	
4944	57	4944	
4943	58	4943	
4942	59	4942	
4941	60	4941	
4940	61	4940	
4939	62	4939	
4938	63	4938	
4937	64	4937	
4936	65	4936	
4935	66	4935	
4934	67	4934	
4933	68	4933	
4932	69	4932	
4931	70	4931	
4930	71	4930	
4929	72	4929	
4928	73	4928	
4927	74	4927	
4926	75	4926	
4925	76	4925	
4924	77	4924	
4923	78	4923	
4922	79	4922	
4921	80	4921	
4920	81	4920	
4919	82	4919	
4918	83	4918	
4917	84	4917	
4916	85	4916	
4915	86	4915	
4914	87	4914	
4913	88	4913	
4912	89	4912	
4911	90	4911	
4910	91	4910	
4909	92	4909	
4908	93	4908	
4907	94	4907	
4906	95	4906	
4905	96	4905	
4904	97	4904	
4903	98	4903	
4902	99	4902	
4901	100	4901	
4900	101	4900	
4899	102	4899	
4898	103	4898	
4897	104	4897	
4896	105	4896	
4895	106	4895	
4894	107	4894	
4893	108	4893	
4892	109	4892	
4891	110	4891	
4890	111	4890	
4889	112	4889	
4888	113	4888	
4887	114	4887	
4886	115	4886	
4885	116	4885	
4884	117	4884	
4883	118	4883	
4882	119	4882	
4881	120	4881	
4880	121	4880	
4879	122	4879	
4878	123	4878	
4877	124	4877	
4876	125	4876	
4875	126	4875	
4874	127	4874	
4873	128	4873	
4872	129	4872	
4871	130	4871	
4870	131	4870	
4869	132	4869	
4868	133	4868	
4867	134	4867	
4866	135	4866	
4865	136	4865	
4864	137	4864	
4863	138	4863	
4862	139	4862	
4861	140	4861	
4860	141	4860	
4859	142	4859	
4858	143	4858	
4857	144	4857	
4856	145	4856	
4855	146	4855	
4854	147	4854	
4853	148	4853	
4852	149	4852	
4851	150	4851	
4850	151	4850	
4849	152	4849	
4848	153	4848	
4847	154	4847	
4846	155	4846	
4845	156	4845	
4844	157	4844	
4843	158	4843	
4842	159	4842	
4841	160	4841	
4840	161	4840	
4839	162	4839	
4838	163	4838	
4837	164	4837	
4836	165	4836	
4835	166	4835	
4834	167	4834	
4833	168	4833	
4832	169	4832	
4831	170	4831	
4830	171	4830	
4829	172	4829	
4828	173	4828	
4827	174	4827	
4826	175	4826	
4825	176	4825	
4824	177	4824	
4823	178	4823	
4822	179	4822	
4821	180	4821	
4820	181	4820	
4819	182	4819	
4818	183	4818	
4817	184	4817	
4816	185	4816	
4815	186	4815	
4814	187	4814	
4813	188	4813	
4812	189	4812	
4811	190	4811	
4810	191	4810	
4809	192	4809	
4808	193	4808	
4807	194	4807	
4806	195	4806	
4805	196	4805	
4804	197	4804	
4803	198	4803	
4802	199	4802	
4801	200	4801	
4800	201	4800	
4799	202	4799	
4798	203	4798	
4797	204	4797	
4796	205	4796	
4795	206	4795	
4794	207	4794	
4793	208	4793	
4792	209	4792	
4791	210	4791	
4790	211	4790	
4789	212	4789	
4788	213	4788	
4787	214	4787	
4786	215	4786	
4785	216	4785	
4784	217	4784	
4783	218	4783	
4782	219	4782	
4781	220	4781	
4780	221	4780	
4779	222	4779	
4778	223	4778	
4777	224	4777	
4776	225	4776	
4775	226	4775	
4774	227	4774	
4773	228	4773	
4772	229	4772	
4771	230	4771	
4770	231	4770	
4769	232	4769	
4768	233	4768	
4767	234	4767	
4766	235	4766	
4765	236	4765	
4764	237	4764	
4763	238	4763	
4762	239	4762	
4761	240	4761	
4760	241	4760	
4759	242	4759	
4758	243	4758	
4757	244	4757	
4756	245	4756	
4755	246	4755	
4754	247	4754	
4753	248	4753	
4752	249	4752	
4751	250	4751	
4750	251	4750	
4749	252	4749	
4748	253	4748	
4747	254	4747	
4746	255	4746	
4745	256	4745	
4744	257	4744	
4743	258	4743	
4742	259	4742	
4741	260	4741	
4740	261	4740	
4739	262	4739	
4738	263	4738	
4737	264	4737	
4736	265	4736	
4735	266	4735	
4734	267	4734	
4733	268	4733	
4732	269	4732	
4731	270	4731	
4730	271	4730	
4729	272	4729	
4728	273	4728	
4727	274	4727	
4726	275	4726	
4725	276	4725	
4724	277	4724	
4723	278	4723	
4722	279	4722	
4721	280	4721	
4720	281	4720	
4719	282	4719	
4718	283	4718	
4717	284	4717	
4716	285	4716	
4715	286	4715	
4714	287	4714	
4713	288	4713	
4712	289	4712	
4711	290	4711	
4710	291	4710	
4709	292	4709	
4708	293	4708	
4707	294	4707	
4706	295	4706	
4705	296	4705	
4704	297	4704	
4703	298	4703	
4702	299	4702	
4701	300	4701	
4700	301	4700	
4699	302	4699	
4698	303	4698	
4697	304	4697	
4696	305	4696	
4695	306	4695	
4694	307	4694	
4693	308	4693	
4692	309	4692	
4691	310	4691	
4690	311	4690	
4689	312	4689	
4688	313	4688	
4687	314	4687	
4686	315	4686	
4685	316	4685	
4684	317	4684	
4683	318	4683	
4682	319	4682	
4681	320	4681	
4680	321	4680	
4679	322	4679	
4678	323	4678	
4677	324	4677	
4676	325	4676	
4675	326	4675	
4674	327	4674	
4673	328	4673	
4672	329	4672	
4671	330	4671	
4670	331	4670	
4669	332	4669	
4668	333	4668	
4667	334	4667	
4666	335	4666	
4665	336	4665	
4664	337	4664	
4663	338	4663	
4662	339	4662	
4661	340	4661	
4660	341	4660	
4659	342	4659	
4658	343	4658	
4657	344	4657	
4656	345	4656	
4655	346	4655	
4654	347	4654	
4653	348	4653	
4652	349	4652	
4651	350	4651	
4650	351	4650	
4649	352	4649	
4648	353	4648	
4647	354	4647	
4646	355	4646	
4645	356	4645	
4644	357	4644	
4643	358	4643	
4642	359	4642	
4641	360	4641	
4640	361	4640	
4639	362	4639	
4638	363	4638	
4637	364	4637	
4636	365	4636	
4635	366	4635	
4634	367	4634	
4633	368	4633	
4632	369	4632	
4631	370	4631	
4630	371	4630	
4629	372	4629	
4628	373	4628	
4627	374	4627	
4626	375	4626	
4625	376	4625	
4624	377	4624	
4623	378	4623	
4622	379	4622	
4621	380	4621	
4620	381	4620	
4619	382	4619	
4618	383	4618	
4617	384	4617	
4616	385	4616	
4615	386	4615	
4614	387	4614	
4613	388	4613	
4612	389	4612	
4611	390	4611	
4610	391	4610	
4609	392	4609	
4608	393	4608	
4607	394	4607	
4606	395	4606	
4605	396	4605	
4604	397	4604	
4603	398	4603	
4602	399	4602	
4601	400	4601	
4600	401	4600	
4599	402	4599	
4598	403	4598	
4597	404	4597	
4596	405	4596	
4595	406	4595	
4594	407	4594	
4593	408	4593	
4592	409	4592	
4591	410	4591	
4590	411	4590	
4589	412	4589	
4588	413	4588	
4587	414	4587	
4586	415	4586	
4585	416	4585	
4584	417	4584	
4583	418	4583	
4582	419	4582	
4581	420	4581	
4580	421	4580	
4579	422	4579	
4578	423	4578	
4577	424	4577	
4576	425	4576	
4575	426	4575	
4574	427	4574	
4573	428	4573	
4572	429	4572	
4571	430	4571	
4570	431	4570	
4569	432	4569	
4568	433	4568	
4567	434	4567	
4566	435	4566	
4565	436	4565	
4564	437	4564	
4563	438	4563	
4562	439	4562	
4561	440	4561	
4560	441	4560	
4559	442	4559	
4558	443	4558	
4557	444	4557	
4556	445	4556	
4555	446	4555	
4554	447	4554	
4553	448	4553	
4552	449	4552	
4551	450	4551	
4550	451	4550	
4549	452	4549	
4548	453	4548	
4547	454	4547	
4546	455	4546	
4545	456	4545	
4544	457	4544	
4543	458	4543	
4542	459	4542	
4541	460	4541	
4540	461	4540	
4539	462	4539	
4538	463	4538	
4537	464	4537	
4536	465	4536	
4535	466	4535	
4534	467	4534	
4533	468	4533	
4532	469	4532	
4531	470	4531	
4530	471	4530	
4529	472	4529	
4528	473	4528	
4527	474	4527	
4526	475	4526	
4525	476	4525	
4524	477	4524	
4523	478	4523	
4522	479	4522	
4521	480	4521	
4520	481	4520	
4519	482	4519	
4518	483	4518	
4517	484	4517	
4516	485	4516	
4515	486	4515	
4514	487	4514	
4513	488	4513	
4512	489	4512	
4511	490	4511	
4510	491	4510	
4509	492	4509	
4508	493	4508	
4507	494	4507	
4506	495	4506	
4505	496	4505	
4504	497	4504	
4503	498	4503	
4502	499	4502	
4501	500	4501	
4500	501	4500	
4499	502	4499	
4498	503	4498	
4497	504	4497	
4496	505	4496	
4495	506	4495	
4494	507	4494	
4493	508	4493	
4492	509	4492	
4491	510	4491	
4490	511	4490	
4489	512	4489	
4488	513	4488	
4487	514	4487	
4486	515	4486	
4485	516	4485	
4484	517	4484	
4483	518	4483	
4482	519	4482	
4481	520	4481	
4480	521	4480	
4479	522	4479	
4478	523	4478	
4477	524	4477	
4476	525	4476	
4475	526	4475	
4474	527	4474	
4473	528	4473	
4472	529	4472	
4471	530	4471	
4470	531	4470	
4469	532	4469	
4468	533	4468	
4467	534	4467	
4466	535	4466	
4465	536	4465	
4464	537	4464	
4463	538	4463	
4462	539	4462	
4461	540	4461	
4460	541	4460	
4459	542	4459	
4458	543	4458	
4457	544	4457	
4456	545	4456	
4455	546	4455	
4454	547	4454	
4453	548	4453	
4452	549	4452	
4451	550	4451	
4450	551	4450	
4449	552	4449	
4448	553	4448	
4447	554	4447	
4446	555	4446	
4445	556	4445	
4444	557	4444	
4443	558	4443	
4442	559	4442	
4441	560	4441	
4440	561	4440	
4439	562	4439	
4438	563	4438	
4437	564	4437	
4436	565	4436	
4435	566	4435	
4434	567	4434	
4433	568	4433	
4432	569	4432	
4431	570	4431	
4430	571	4430	
4429	572	4429	
4428	573	4428	
4427	574	4427	
4426	575	4426	
4425	576	4425	
4424	577	4424	
4423	578	4423	
4422	579	4422	
4421	580	4421	
4420	581	4420	
4419	582	4419	
4418	583	4418	
4417	584	4417	
4416	585	4416	
4415	586	4415	
4414	587	4414	
4413	588	4413	
4412	589	4412	
4411	590	4411	
4410	591	4410	
4409	592	4409	
4408	593	4408	
4407	594	4407	
4406	595	4406	
4405	596	4405	
4404	597	4404	
4403	598	4403	
4402	599	4402	
4401	600	4401	
4400	601	4400	
4399	602	4399	
4398	603	4398	
4397	604	4397	
4396	605	4396	
4395	606	4395	
4394	607	4394	
4393	608	4393	
4392	609	4392	
4391	610	4391	
4390	611	4390	
4389	612	4389	
4388	613	4388	
4387	614	4387	
4386	615	4386	
4385	616	4385	
4384	617	4384	
4383	618	4383	
4382	619	4382	
4381	620	4381	
4380	621	4380	
4379	622	4379	
4378	623	4378	
4377	624	4377	
4376	625	4376	
4375	626	4375	
4374	627	4374	
4373	628	4373	
4372	629	4372	
4371	630	4371	
4370	631	4370	
4369	632	4369	
4368	633	4368	
4367	634	4367	
4366	635	4366	
4365	636	4365	
4364	637	4364	
4363	638	4363	
4362	639	4362	
4361	640	4361	
4360	641	4360	
4359	642	4359	
4358	643	4358	
4357	644	4357	
4356	645	4356	
4355	646	4355	
4354	647	4354	
4353	648	4353	
4352	649	4352	
4351	650	4351	
4350	651	4350	
4349	652	4349	
4348	653	4348	
4347	654	4347	
4346	655	4346	
4345	656	4345	
4344	657	4344	
4343	658	4343	
4342	659	4342	
4341	660	4341	
4340	661	4340	
4339	662	4339	
4338	663	4338	
4337	664	4337	
4336	665	4336	
4335	666	4335	
4334	667	4334	
4333	668	4333	
4332	669	4332	
4331	670	4331	
4330	671	4330	
4329	672	4329	
4328	673	4328	
4327	674	4327	
4326	675	4326	
4325	676	4325	
4324	677	4324	
4323	678	4323	
4322	679	4322	
4321	680	4321	
4320	681	4320	
4319	682	4319	
4318	683	4318	
4317	684	4317	
4316	685	4316	
4315	686	4315	
4314	687	4314	
4313	688	4313	
4312	689	4312	
4311	690	4311	
4310	691	4310	
4309	692	4309	
4308	693	4308	
4307	694	4307	
4306	695	4306	
4305	696	4305	
4304	697	4304	
4303	698	4303	
4302	699	4302	
4301	700	4301	
4300	701	4300	
4299	702	4299	
4298	703	4298	
4297	704	4297	
4296	705	4296	
4295	706	4295	
4294	707	4294	
4293	708	4293	
4292	709	4292	
4291	710	4291	
4290	711	4290	
4289	712	4289	
4288	713	4288	
4287	714	4287	
4286	715	4286	
4285	716	4285	
4284	717	4284	
4283	718	4283	
4282	719	4282	
4281	720	4281	
4280	721	4280	
4279	722	4279	
4278	723	4278	
4277	724	4277	
4276	725	4276	
4275	726	4275	
4274	727	4274	
4273	728	4273	
4272	729	4272	
4271	730	4271	
4270	731	4270	
4269	732	4269	
4268	733	4268	
4267	734	4267	
4266	735	4266	
4265	736	4265	
4264	737	4264	
4263	738	4263	
4262	739	4262	
4261	740	4261	
4260	741	4260	
4259	742	4259	
4258	743	4258	
4257	744	4257	
4256	745	4256	
4255	746	4255	
4254	747	4254	
4253	748	4253	
4252	749	4252	
4251	750	4251	
4250	751	4250	
4249	752	4249	
4248	753	4248	
4247	754	4247	
4246	755	4246	
4245	756	4245	
4244	757	4244	
4243	758	4243	
4242	759	4242	
4241	760	4241	
4240	761	4240	
4239	762	4239	
4238	763	4238	
4237	764	4237	
4236	765	4236	
4235	766	4235	
4234	767	4234	
4233	768	4233	
4232	769	4232	
4231	770	4231	
4230	771	4230	
4229	772	4229	
4228	773	4228	
4227	774	4227	
4226	775	4226	
4225	776	4225	
4224	777	4224	
4223	778	4223	
4222	779	4222	
4221	780	4221	
4220	781	4220	
4219	782	4219	
4218	783	4218	
4217	784	4217	
4216	785	4216	
4215	786	4215	
4214	787	4214	
4213	788	4213	
4212	789	4212	
4211	790	4211	
4210	791	4210	
4209	792	4209	
4208	793	4208	
4207	794	4207	
4206	795	4206	
4205	796	4205	
4204	797	4204	
4203	798	4203	
4202	799	4202	
4201	800	4201	
4200	801	4200	
4199	802	4199	
4198	803	4198	
4197	804	4197	
4196	805	4196	
4195	806	4195	
4194	807	4194	
4193	808	4193	
4192	809	4192	
4191	810	4191	
4190	811	4190	
4189	812	4189	
4188	813	4188	
4187	814	4187	
4186	815	4186	
4185	816	4185	
4184	817	4184	
4183	818	4183	
4182	819	4182	
4181	820	4181	
4180	821	4180	
4179	822	4179	
4178	823	4178	
4177	824	4177	
4176	825	4176	
4175	826	4175	
4174	827	4174	
4173	828	4173	
4172	829	4172	
4171	830	4171	
4170	831	4170	
4169	832	4169	
4168	833	4168	
4167	834	4167	
4166	835	4166	
4165	836	4165	
4164	837	4164	
4163	838	4163	
4162	839	4162	
4161	840	4161	
4160	841	4160	
4159	842	4159	
4158	843	4158	
4157	844	4157	
4156	845	4156	
4155	846	4155	
4154	847	4154	
4153	848	4153	
4152	849	4152	
4151	850	4151	
4150	851	4150	
4149	852	4149	
4148	853	4148	
4147	854	4147	
4146	855	4146	
4145	856	4145	
4144	857	4144	
4143	858	4143	
4142	859	4142	
4141	860	4141	
4140	861	4140	
4139	862	4139	
4138	863	4138	
4137	864	4137	
4136	865	4136	
4135	866	4135	
4134	867	4134	
4133	868	4133	
4132	869	4132	
4131	870	4131	
4130	871	4130	
4129	872	4129	
4128	873	4128	
4127	874	4127	
4126	875	4126	
4125	876	4125	
4124	877	4124	
4123	878	4123	
4122	879	4122	
4121	880	4121	
4120	881	4120	
4119	882	4119	
4118	883	4118	
4117	884	4117	
4116	885	4116	
4115	886	4115	
4114	887	4114	
4113	888	4113	
4112	889	4112	
4111	890	4111	
4110	891	4110	
4109	892	4109	
4108	893	4108	
4107	894	4107	
4106	895	4106	
4105	896	4105	
4104	897	4104	
4103	898	4103	
4102	899	4102	
4101	900	4101	
4100	901	4100	
4099	902	4099	
4098	903	4098	
4097	904	4097	
4096	905	4096	
4095	906	4095	
4094	907	4094	
4093	908	4093	
4092	909	4092	
4091	910	4091	
4090	911	4090	
4089	912	4089	
4088	913	4088	
4087	914	4087	
4086	915	4086	
4085	916	4085	
4084	917	4084	
4083	918	4083	
4082	919	4082	
4081	920	4081	
4080	921	4080	
4079	922	4079	
4078	923	4078	
4077	924	4077	
4076	925	4076	
4075	926	4075	
4074	927	4074	
4073	928	4073	
4072	929	4072	
4071	930	4071	
4070	931	4070	
4069	932	4069	
4068	933	4068	
4067	934	4067	
4066	935	4066	
4065	936	4065	
4064	937	4064	
4063	938	4063	
4062	939	4062	
4061	940	4061	
4060	941	4060	
4059	942	4059	
4058	943	4058	
4057	944	4057	
4056	945	4056	
4055	946	4055	
4054	947	4054	
4053	948	4053	
4052	949	4052	
4051	950	4051	
4050	951	4050	
4049	952	4049	
4048	953	4048	
4047	954	4047	
4046	955	4046	
4045	956	4045	
4044	957	4044	
4043	958	4043	
4042	959	4042	
4041	960	4041	
4040	961	4040	
4039	962	4039	
4038	963	4038	
4037	964	4037	
4036	965	4036	
4035	966	4035	
4034	967	4034	
4033	968	4033	
4032	969	4032	
4031	970	4031	
4030	971	4030	
4029	972	4029	
4028	973	4028	
4027	974	4027	
4026	975	4026	
4025	976	4025	
4024	977	4024	
4023	978	4023	
4022	979	4022	
4021	980	4021	
4020	981	4020	
4019	982	4019	
4018	983	4018	
4017	984	4017	
4016	985	4016	
4015	986	4015	
4014	987	4014	
4013	988	4013	
4012	989	4012	
4011	990	4011	
4010	991	4010	
4009	992	4009	
4008	993	4008	
4007	994	4007	
4006	995	4006	
4005	996	4005	
4004	997	4004	
4003	998	4003	
4002	999	4002	
4001	1000	4001	
4000	1001	4000	
3999	1002	3999	
3998	1003	3998	
3997	1004	3997	
3996	1005	3996	
3995	1006	3995	
3994	1007	3994	
3993	1008	3993	
3992	1009	3992	
3991	1010	3991	
3990	1011	3990	
3989	1012	3989	
3988	1013	3988	
3987	1014	3987	
3986	1015	3986	
3985	1016	3985	
3984	1017	3984	
3983	1018	3983	
3982	1019	3982	
3981	1020	3981	
3980	1021	3980	
3979	1022	3979	
3978	1023	3978	
3977	1024	3977	
3976	1025	3976	
3975	1026	3975	
3974	1027	3974	
3973	1028	3973	
3972	1029	3972	
3971	1030	3971	
3970	1031	3970	
3969	1032	3969	
3968	1033	3968	
3967	1034	3967	
3966	1035	3966	
3965	1036	3965	
3964	1037	3964	
3963	1038	3963	
3962	1039	3962	
3961	1040	3961	
3960	1041	3960	
3959	1042	3959	
3958	1043	3958	
3957	1044	3957	
3956	1045	3956	
3955	1046	3955	
3954	1047	3954	
3953	1048	3953	
3952	1049	3952	
3951	1050	3951	
3950	1051	3950	
3949	1052	3949	
3948	1053	3948	
3947	1054	3947	
3946	1055	3946	
3945	1056	3945	
3944	1057	3944	
3943	1058	3943	
3942	1059	3942	
3941	1060	3941	
3940	1061	3940	
3939	1062	3939	
3938	1063	3938	
3937	1064	3937	
3936	1065	3936	
3935	1066	3935	
3934	1067	3934	
3933	1068	3933	
3932	1069	3932	
3931	1070	3931	
3930	1071	3930	
3929	1072	3929	
3928	1073	3928	
3927	1074	3927	
3926	1075	3926	
3925	1076	3925	
3924	1077	3924	
3923	1078	3923	
3922	1079	3922	
3921	1080	3921	
3920	1081	3920	
3919	1082	3919	
3918	1083	3918	
3917	1084	3917	
3916	1085	3916	
3915	1086	3915	
3914	1087	3914	
3913	1088	3913	
3912	1089	3912	
3911	1090	3911	
3910	1091	3910	
3909	1092	3909	
3908	1093	3908	
3907	1094	3907	
3906	1095	3906	
3905	1096	3905	
3904	1097	3904	
3903	1098	3903	
3902	1099	3902	
3901	1100	3901	
3900	1101	3900	
3899	1102	3899	
3898	1103	3898	
3897	1104	3897	
3896	1105	3896	
3895	1106	3895	
3894	1107	3894	
3893	1108	3893	
3892	1109	3892	
3891	1110	3891	
3890	1111	3890	
3889	1112	3889	
3888	1113	3888	
3887	1114	3887	
3886	1115	3886	
3885	1116	3885	
3884	1117	3884	
3883	1118	3883	
3882	1119	3882	
3881	1120	3881	
3880	1121	3880	
3879	1122	3879	
3878	1123	3878	
3877	1124	3877	
3876	1125	3876	
3875	1126	3875	
3874	1127	3874	
3873	1128	3873	
3872	1129	3872	
3871	1130	3871	
3870	1131	3870	
3869	1132	3869	
3868	1133	3868	
3867	1134	3867	
3866	1135	3866	
3865	1136	3865	
3864	1137	3864	
3863	1138	3863	
3862	1139	3862	
3861	1140	3861	
3860	1141	3860	
3859	1142	3859	
3858	1143	3858	
3857	1144	3857	
3856	1145	3856	
3855	1146	3855	
3854	1147	3854	
3853	1148	3853	
3852	1149	3852	
3851	1150	3851	
3850	1151	3850	
3849	1152	3849	
3848	1153	3848	
3847	1154	3847	
3846	1155	3846	
3845	1156	3845	
3844	1157	3844	
3843	1158	3843	
3842	1159	3842	
3841	1160	3841	
3840	1161	3840	
3839	1162	3839	
3838	1163	3838	
3837	1164	3837	
3836	1165	3836	
3835	1166	3835	
3834	1167	3834	
3833	1168	3833	
3832	1169	3832	
3831	1170	3831	
3830	1171	3830	
3829	1172	3829	
3828	1173	3828	
3827	1174	3827	
3826	1175	3826	
3825	1176	3825	
3824	1177	3824	
3823	1178	3823	
3822	1179	3822	
3821	1180	3821	
3820	1181	3820	
3819	1182	3819	
3818	1183	3818	
3817	1184	3817	
3816	1185	3816	
3815	1186	3815	
3814	1187	3814	
3813	1188	3813	
3812	1189	3812	
3811	1190	3811	
3810	1191	3810	
3809	1192	3809	
3808	1193	3808	
3807	1194	3807	
3806	1195	3806	
3805	1196	3805	
3804	1197	3804	
3803	1198	3803	
3802	1199	3802	
3801	1200	3801	
3800	1201	3800	
3799	1202	3799	
3798	1203	3798	
3797	1204	3797	
3796	1205	3796	
3795	1206	3795	
3794	1207	3794	
3793	1208	3793	
3792	1209	3792	
3791	1210	3791	
3790	1211	3790	
3789	1212	3789	
3788	1213	3788	
3787	1214	3787	
3786	1215	3786	
3785	1216	3785	
3784	1217	3784	
3783	1218	3783	
3782	1219	3782	
3781	1220	3781	
3780	1221	3780	
3779	1222	3779	
3778	1223	3778	
3777	1224	3777	
3776	1225	3776	
3775	1226	3775	
3774	1227	3774	
3773	1228	3773	
3772	1229	3772	
3771	1230	3771	
3770	1231	3770	
3769	1232	3769	
3768	1233	3768	
3767	1234	3767	
3766	1235	3766	
3765	1236	3765	
3764	1237	3764	
3763	1238	3763	
3762	1239	3762	
3761	1240	3761	
3760	1241	3760	
3759	1242	3759	
3758	1243	3758	
3757	1244	3757	
3756	1245	3756	
3755	1246	3755	
3754	1247	3754	
3753	1248	3753	
3752	1249	3752	
3751	1250	3751	
3750	1251	3750	
3749	1252	3749	
3748	1253	3748	
3747	1254	3747	
3746	1255	3746	
3745	1256	3745	
3744	1257	3744	
3743	1258	3743	
3742	1259	3742	
3741	1260	3741	
3740	1261	3740	
3739	1262	3739	
3738	1263	3738	
3737	1264	3737	
3736	1265	3736	
3735	1266	3735	
3734	1267	3734	
3733	1268	3733	
3732	1269	3732	
3731	1270	3731	
3730	1271	3730	
3729	1272	3729	
3728	1273	3728	
3727	1274	3727	
3726	1275	3726	
3725	1276	3725	
3724	1277	3724	
3723	1278	3723	
3722	1279	3722	
3721	1280	3721	
3720	1281	3720	
3719	1282	3719	
3718	1283	3718	
3717	1284	3717	
3716	1285	3716	
3715	1286	3715	
3714	1287	3714	
3713	1288	3713	
3712	1289	3712	
3711	1290	3711	
3710	1291	3710	
3709	1292	3709	
3708	1293	3708	
3707	1294	3707	
3706	1295	3706	
3705	1296	3705	
3704	1297	3704	
3703	1298	3703	
3702	1299	3702	
3701	1300	3701	
3700	1301	3700	
3699	1302	3699	
3698	1303	3698	
3697	1304	3697	
3696	1305	3696	
3695	1306	3695	
3694	1307	3694	
3693	1308	3693	
3692	1309	3692	
3691	1310	3691	
3690	1311	3690	
3689	1312	3689	
3688	1313	3688	
3687	1314	3687	
3686	1315	3686	
3685	1316	3685	
3684	1317	3684	
3683	1318	3683	
3682	1319	3682	
3681	1320	3681	
3680	1321	3680	
3679	1322	3679	
3678	1323	3678	
3677	1324	3677	
3676	1325	3676	
3675	1326	3675	
3674	1327	3674	
3673	1328	3673	
3672	1329	3672	
3671	1330	3671	
3670	1331	3670	
3669	1332	3669	
3668	1333	3668	
3667	1334	3667	
3666	1335	3666	
3665	1336	3665	
3664	1337	3664	
3663	1338	3663	
3662	1339	3662	
3661	1340	3661	
3660	1341	3660	
3659	1342	3659	
3658	1343	3658	
3657	1344	3657	
3656	1345	3656	
3655	1346	3655	
3654	1347	3654	
3653	1348	3653	
3652	1349	3652	
3651	1350	3651	
3650	1351	3650	
3649	1352	3649	
3648	1353	3648	
3647	1354	3647	
3646	1355	3646	
3645	1356	3645	
3644	1357	3644	
3643	1358	3643	
3642	1359	3642	
3641	1360	3641	
3640	1361	3640	
3639	1362	3639	
3638	1363	3638	
3637	1364	3637	
3636	1365	3636	
3635	1366	3635	
3634	1367	3634	
3633	1368	3633	
3632	1369	3632	
3631	1370	3631	
3630	1371	3630	
3629	1372	3629	
3628	1373	3628	
3627	1374	3627	
3626	1375	3626	
3625	1376	3625	
3624	1377	3624	
3623	1378	3623	
3622	1379	3622	
3621	1380	3621	
3620	1381	3620	
3619	1382	3619	
3618	1383	3618	
3617	1384	3617	
3616	1385	3616	
3615	1386	3615	
3614	1387	3614	
3613	1388	3613	
3612	1389	3612	
3611	1390	3611	
3610	1391	3610	
3609	1392	3609	
3608	1393	3608	
3607	1394	3607	
3606	1395	3606	
3605	1396	3605	
3604	1397	3604	
3603	1398	3603	
3602	1399	3602	
3601	1400	3601	
3600	1401	3600	
3599	1402	3599	
3598	1403	3598	
3597	1404	3597	
3596	1405	3596	
3595	1406	3595	
3594	1407	3594	
3593	1408	3593	
3592	1409	3592	
3591	1410	3591	
3590	1411	3590	
3589	1412	3589	
3588	1413	3588	
3587	1414	3587	
3586	1415	3586	
3585	1416	3585	
3584	1417	3584	
3583	1418	3583	
3582	1419	3582	
3581	1420	3581	
3580	1421	3580	
3579	1422	3579	
3578	1423	3578	
3577	1424	3577	
3576	1425	3576	
3575	1426	3575	
3574	1427	3574	
3573	1428	3573	
3572	1429	3572	
3571	1430	3571	
3570	1431	3570	
3569	1432	3569	
3568	1433	3568	
3567	1434	3567	
3566	1435	3566	
3565	1436	3565	
3564	1437	3564	
3563	1438	3563	
3562	1439	3562	
3561	1440	3561	
3560	1441	3560	
3559	1442	3559	
3558	1443	3558	
3557	1444	3557	
3556	1445	3556	
3555	1446	3555	
3554	1447	3554	
3553	1448	3553	
3552	1449	3552	
3551	1450	3551	
3550	1451	3550	
3549	1452	3549	
3548	1453	3548	
3547	1454	3547	
3546	1455	3546	
3545	1456	3545	
3544	1457	3544	
3543	1458	3543	
3542	1459	3542	
3541	1460	3541	
3540	1461	3540	
3539	1462	3539	
3538	1463	3538	
3537	1464	3537	
3536	1465	3536	
3535	1466	3535	
3534	1467	3534	
3533	1468	3533	
3532	1469	3532	
3531	1470	3531	
3530	1471	3530	
3529	1472	3529	
3528	1473	3528	
3527	1474	3527	
3526	1475	3526	
3525	1476	3525	
3524	1477	3524	
3523	1478	3523	
3522	1479	3522	
3521	1480	3521	
3520	1481	3520	
3519	1482	3519	
3518	1483	3518	
3517	1484	3517	
3516	1485	3516	
3515	1486	3515	
3514	1487	3514	
3513	1488	3513	
3512	1489	3512	
3511	1490	3511	
3510	1491	3510	
3509	1492	3509	
3508	1493	3508	
3507	1494	3507	
3506	1495	3506	
3505	1496	3505	
3504	1497	3504	
3503	1498	3503	
3502	1499	3502	
3501	1500	3501	
3500	1501	3500	
3499	1502	3499	
3498	1503	3498	
3497	1504	3497	
3496	1505	3496	
3495	1506	3495	
3494	1507	3494	
3493	1508	3493	
3492	1509	3492	
3491	1510	3491	
3490	1511	3490	
3489	1512	3489	
3488	1513	3488	
3487	1514	3487	
3486	1515	3486	
3485	1516	3485	
3484	1517	3484	
3483	1518	3483	
3482	1519	3482	
3481	1520	3481	
3480	1521	3480	
3479	1522	3479	
3478	1523	3478	
3477	1524	3477	
3476	1525	3476	
3475	1526	3475	
3474	1527	3474	
3473	1528	3473	
3472	1529	3472	
3471	1530	3471	
3470	1531	3470	
3469	1532	3469	
3468	1533	3468	
3467	1534	3467	
3466	1535	3466	
3465	1536	3465	
3464	1537	3464	
3463	1538	3463	
3462	1539	3462	
3461	1540	3461	
3460	1541	3460	
3459	1542	3459	
3458	1543	3458	
3457	1544	3457	
3456	1545	3456	
3455	1546	3455	
3454	1547	3454	
3453	1548	3453	
3452	1549	3452	
3451	1550	3451	
3450	1551	3450	
3449	1552	3449	
3448	1553	3448	
3447	1554	3447	
3446	1555	3446	
3445	1556	3445	
3444	1557	3444	
3443	1558	3443	
3442	1559	3442	
3441	1560	3441	
3440	1561	3440	
3439	1562	3439	
3438	1563	3438	
3437	1564	3437	
3436	1565	3436	
3435	1566	3435	
3434	1567	3434	
3433	1568	3433	
3432	1569	3432	
3431	1570	3431	
3430	1571	3430	
3429	1572	3429	
3428	1573	3428	
3427	1574	3427	
3426	1575	3426	
3425	1576	3425	
3424	1577	3424	
3423	1578	3423	
3422	1579	3422	
3421	1580	3421	
3420	1581	3420	
3419	1582	3419	
3418	1583	3418	
3417	1584	3417	
3416	1585	3416	
3415	1586	3415	
3414	1587	3414	
3413	1588	3413	
3412	1589	3412	
3411	1590	3411	
3410	1591	3410	
3409	1592	3409	
3408	1593	3408	
3407	1594	3407	
3406	1595	3406	
3405	1596	3405	
3404	1597	3404	
3403	1598	3403	
3402	1599	3402	
3401	1600	3401	
3400	1601	3400	
3399	1602	3399	
3398	1603	3398	
3397	1604	3397	
3396	1605	3396	
3395	1606	3395	
3394	1607	3394	
3393	1608	3393	
3392	1609	3392	
3391	1610	3391	
3390	1611	3390	
3389	1612	3389	
3388	1613	3388	
3387	1614	3387	
3386	1615	3386	
3385	1616	3385	
3384	1617	3384	
3383	1618	3383	
3382	1619	3382	
3381	1620	3381	
3380	1621	3380	
3379	1622	3379	
3378	1623	3378	
3377	1624	3377	
3376	1625	3376	
3375	1626	3375	
3374	1627	3374	
3373	1628	3373	
3372	1629	3372	
3371	1630	3371	
3370	1631	3370	
3369	1632	3369	
3368	1633	3368	
3367	1634	3367	
3366	1635	3366	
3365	1636	3365	
3364	1637	3364	
3363	1638	3363	
3362	1639	3362	
3361	1640	3361	
3360	1641	3360	
3359	1642	3359	
3358	1643	3358	
3357	1644	3357	
3356	1645	3356	
3355	1646	3355	
3354	1647	3354	
3353	1648	3353	
3352	1649	3352	
3351	1650	3351	
3350	1651	3350	
3349	1652	3349	
3348	1653	3348	
3347	1654	3347	
3346	1655	3346	
3345	1656	3345	
3344	1657	3344	
3343	1658	3343	
3342	1659	3342	
3341	1660	3341	
3340	1661	3340	
3339	1662	3339	
3338	1663	3338	
3337	1664	3337	
3336	1665	3336	
3335	1666	3335	
3334	1667	3334	
3333	1668	3333	
3332	1669	3332	
3331	1670	3331	
3330	1671	3330	
3329	1672	3329	
3328	1673	3328	
3327	1674	3327	
3326	1675	3326	
3325	1676	3325	
3324	1677	3324	
3323	1678	3323	
3322	1679	3322	
3321	1680	3321	
3320	1681	3320	
3319	1682	3319	
3318	1683	3318	
3317	1684	3317	
3316	1685	3316	
3315	1686	3315	
3314	1687	3314	
3313	1688	3313	
3312	1689	3312	
3311	1690	3311	
3310	1691	3310	
			
