1	5000		
2	4999		
3	4998		
4	4997		
5	4996		
6	4995		
7	4994		
8	4993		
9	4992		
10	4991		
11	4990		
12	4989		
13	4988		
14	4987		
15	4986		
16	4985		
17	4984		
18	4983		
19	4982		
20	4981		
21	4980		
22	4979		
23	4978		
24	4977		
25	4976		
26	4975		
27	4974		
28	4973		
29	4972		
30	4971		
31	4970		
32	4969		
33	4968		
34	4967		
35	4966		
36	4965		
37	4964		
38	4963		
39	4962		
40	4961		
41	4960		
42	4959		
43	4958		
44	4957		
45	4956		
46	4955		
47	4954		
48	4953		
49	4952		
50	4951		
51	4950		
52	4949		
53	4948		
54	4947		
55	4946		
56	4945		
57	4944		
58	4943		
59	4942		
60	4941		
61	4940		
62	4939		
63	4938		
64	4937		
65	4936		
66	4935		
67	4934		
68	4933		
69	4932		
70	4931		
71	4930		
72	4929		
73	4928		
74	4927		
75	4926		
76	4925		
77	4924		
78	4923		
79	4922		
80	4921		
81	4920		
82	4919		
83	4918		
84	4917		
85	4916		
86	4915		
87	4914		
88	4913		
89	4912		
90	4911		
91	4910		
92	4909		
93	4908		
94	4907		
95	4906		
96	4905		
97	4904		
98	4903		
99	4902		
100	4901		
101	4900		
102	4899		
103	4898		
104	4897		
105	4896		
106	4895		
107	4894		
108	4893		
109	4892		
110	4891		
111	4890		
112	4889		
113	4888		
114	4887		
115	4886		
116	4885		
117	4884		
118	4883		
119	4882		
120	4881		
121	4880		
122	4879		
123	4878		
124	4877		
125	4876		
126	4875		
127	4874		
128	4873		
129	4872		
130	4871		
131	4870		
132	4869		
133	4868		
134	4867		
135	4866		
136	4865		
137	4864		
138	4863		
139	4862		
140	4861		
141	4860		
142	4859		
143	4858		
144	4857		
145	4856		
146	4855		
147	4854		
148	4853		
149	4852		
150	4851		
151	4850		
152	4849		
153	4848		
154	4847		
155	4846		
156	4845		
157	4844		
158	4843		
159	4842		
160	4841		
161	4840		
162	4839		
163	4838		
164	4837		
165	4836		
166	4835		
167	4834		
168	4833		
169	4832		
170	4831		
171	4830		
172	4829		
173	4828		
174	4827		
175	4826		
176	4825		
177	4824		
178	4823		
179	4822		
180	4821		
181	4820		
182	4819		
183	4818		
184	4817		
185	4816		
186	4815		
187	4814		
188	4813		
189	4812		
190	4811		
191	4810		
192	4809		
193	4808		
194	4807		
195	4806		
196	4805		
197	4804		
198	4803		
199	4802		
200	4801		
201	4800		
202	4799		
203	4798		
204	4797		
205	4796		
206	4795		
207	4794		
208	4793		
209	4792		
210	4791		
211	4790		
212	4789		
213	4788		
214	4787		
215	4786		
216	4785		
217	4784		
218	4783		
219	4782		
220	4781		
221	4780		
222	4779		
223	4778		
224	4777		
225	4776		
226	4775		
227	4774		
228	4773		
229	4772		
230	4771		
231	4770		
232	4769		
233	4768		
234	4767		
235	4766		
236	4765		
237	4764		
238	4763		
239	4762		
240	4761		
241	4760		
242	4759		
243	4758		
244	4757		
245	4756		
246	4755		
247	4754		
248	4753		
249	4752		
250	4751		
251	4750		
252	4749		
253	4748		
254	4747		
255	4746		
256	4745		
257	4744		
258	4743		
259	4742		
260	4741		
261	4740		
262	4739		
263	4738		
264	4737		
265	4736		
266	4735		
267	4734		
268	4733		
269	4732		
270	4731		
271	4730		
272	4729		
273	4728		
274	4727		
275	4726		
276	4725		
277	4724		
278	4723		
279	4722		
280	4721		
281	4720		
282	4719		
283	4718		
284	4717		
285	4716		
286	4715		
287	4714		
288	4713		
289	4712		
290	4711		
291	4710		
292	4709		
293	4708		
294	4707		
295	4706		
296	4705		
297	4704		
298	4703		
299	4702		
300	4701		
301	4700		
302	4699		
303	4698		
304	4697		
305	4696		
306	4695		
307	4694		
308	4693		
309	4692		
310	4691		
311	4690		
312	4689		
313	4688		
314	4687		
315	4686		
316	4685		
317	4684		
318	4683		
319	4682		
320	4681		
321	4680		
322	4679		
323	4678		
324	4677		
325	4676		
326	4675		
327	4674		
328	4673		
329	4672		
330	4671		
331	4670		
332	4669		
333	4668		
334	4667		
335	4666		
336	4665		
337	4664		
338	4663		
339	4662		
340	4661		
341	4660		
342	4659		
343	4658		
344	4657		
345	4656		
346	4655		
347	4654		
348	4653		
349	4652		
350	4651		
351	4650		
352	4649		
353	4648		
354	4647		
355	4646		
356	4645		
357	4644		
358	4643		
359	4642		
360	4641		
361	4640		
362	4639		
363	4638		
364	4637		
365	4636		
366	4635		
367	4634		
368	4633		
369	4632		
370	4631		
371	4630		
372	4629		
373	4628		
374	4627		
375	4626		
376	4625		
377	4624		
378	4623		
379	4622		
380	4621		
381	4620		
382	4619		
383	4618		
384	4617		
385	4616		
386	4615		
387	4614		
388	4613		
389	4612		
390	4611		
391	4610		
392	4609		
393	4608		
394	4607		
395	4606		
396	4605		
397	4604		
398	4603		
399	4602		
400	4601		
401	4600		
402	4599		
403	4598		
404	4597		
405	4596		
406	4595		
407	4594		
408	4593		
409	4592		
410	4591		
411	4590		
412	4589		
413	4588		
414	4587		
415	4586		
416	4585		
417	4584		
418	4583		
419	4582		
420	4581		
421	4580		
422	4579		
423	4578		
424	4577		
425	4576		
426	4575		
427	4574		
428	4573		
429	4572		
430	4571		
431	4570		
432	4569		
433	4568		
434	4567		
435	4566		
436	4565		
437	4564		
438	4563		
439	4562		
440	4561		
441	4560		
442	4559		
443	4558		
444	4557		
445	4556		
446	4555		
447	4554		
448	4553		
449	4552		
450	4551		
451	4550		
452	4549		
453	4548		
454	4547		
455	4546		
456	4545		
457	4544		
458	4543		
459	4542		
460	4541		
461	4540		
462	4539		
463	4538		
464	4537		
465	4536		
466	4535		
467	4534		
468	4533		
469	4532		
470	4531		
471	4530		
472	4529		
473	4528		
474	4527		
475	4526		
476	4525		
477	4524		
478	4523		
479	4522		
480	4521		
481	4520		
482	4519		
483	4518		
484	4517		
485	4516		
486	4515		
487	4514		
488	4513		
489	4512		
490	4511		
491	4510		
492	4509		
493	4508		
494	4507		
495	4506		
496	4505		
497	4504		
498	4503		
499	4502		
500	4501		
501	4500		
502	4499		
503	4498		
504	4497		
505	4496		
506	4495		
507	4494		
508	4493		
509	4492		
510	4491		
511	4490		
512	4489		
513	4488		
514	4487		
515	4486		
516	4485		
517	4484		
518	4483		
519	4482		
520	4481		
521	4480		
522	4479		
523	4478		
524	4477		
525	4476		
526	4475		
527	4474		
528	4473		
529	4472		
530	4471		
531	4470		
532	4469		
533	4468		
534	4467		
535	4466		
536	4465		
537	4464		
538	4463		
539	4462		
540	4461		
541	4460		
542	4459		
543	4458		
544	4457		
545	4456		
546	4455		
547	4454		
548	4453		
549	4452		
550	4451		
551	4450		
552	4449		
553	4448		
554	4447		
555	4446		
556	4445		
557	4444		
558	4443		
559	4442		
560	4441		
561	4440		
562	4439		
563	4438		
564	4437		
565	4436		
566	4435		
567	4434		
568	4433		
569	4432		
570	4431		
571	4430		
572	4429		
573	4428		
574	4427		
575	4426		
576	4425		
577	4424		
578	4423		
579	4422		
580	4421		
581	4420		
582	4419		
583	4418		
584	4417		
585	4416		
586	4415		
587	4414		
588	4413		
589	4412		
590	4411		
591	4410		
592	4409		
593	4408		
594	4407		
595	4406		
596	4405		
597	4404		
598	4403		
599	4402		
600	4401		
601	4400		
602	4399		
603	4398		
604	4397		
605	4396		
606	4395		
607	4394		
608	4393		
609	4392		
610	4391		
611	4390		
612	4389		
613	4388		
614	4387		
615	4386		
616	4385		
617	4384		
618	4383		
619	4382		
620	4381		
621	4380		
622	4379		
623	4378		
624	4377		
625	4376		
626	4375		
627	4374		
628	4373		
629	4372		
630	4371		
631	4370		
632	4369		
633	4368		
634	4367		
635	4366		
636	4365		
637	4364		
638	4363		
639	4362		
640	4361		
641	4360		
642	4359		
643	4358		
644	4357		
645	4356		
646	4355		
647	4354		
648	4353		
649	4352		
650	4351		
651	4350		
652	4349		
653	4348		
654	4347		
655	4346		
656	4345		
657	4344		
658	4343		
659	4342		
660	4341		
661	4340		
662	4339		
663	4338		
664	4337		
665	4336		
666	4335		
667	4334		
668	4333		
669	4332		
670	4331		
671	4330		
672	4329		
673	4328		
674	4327		
675	4326		
676	4325		
677	4324		
678	4323		
679	4322		
680	4321		
681	4320		
682	4319		
683	4318		
684	4317		
685	4316		
686	4315		
687	4314		
688	4313		
689	4312		
690	4311		
691	4310		
692	4309		
693	4308		
694	4307		
695	4306		
696	4305		
697	4304		
698	4303		
699	4302		
700	4301		
701	4300		
702	4299		
703	4298		
704	4297		
705	4296		
706	4295		
707	4294		
708	4293		
709	4292		
710	4291		
711	4290		
712	4289		
713	4288		
714	4287		
715	4286		
716	4285		
717	4284		
718	4283		
719	4282		
720	4281		
721	4280		
722	4279		
723	4278		
724	4277		
725	4276		
726	4275		
727	4274		
728	4273		
729	4272		
730	4271		
731	4270		
732	4269		
733	4268		
734	4267		
735	4266		
736	4265		
737	4264		
738	4263		
739	4262		
740	4261		
741	4260		
742	4259		
743	4258		
744	4257		
745	4256		
746	4255		
747	4254		
748	4253		
749	4252		
750	4251		
751	4250		
752	4249		
753	4248		
754	4247		
755	4246		
756	4245		
757	4244		
758	4243		
759	4242		
760	4241		
761	4240		
762	4239		
763	4238		
764	4237		
765	4236		
766	4235		
767	4234		
768	4233		
769	4232		
770	4231		
771	4230		
772	4229		
773	4228		
774	4227		
775	4226		
776	4225		
777	4224		
778	4223		
779	4222		
780	4221		
781	4220		
782	4219		
783	4218		
784	4217		
785	4216		
786	4215		
787	4214		
788	4213		
789	4212		
790	4211		
791	4210		
792	4209		
793	4208		
794	4207		
795	4206		
796	4205		
797	4204		
798	4203		
799	4202		
800	4201		
801	4200		
802	4199		
803	4198		
804	4197		
805	4196		
806	4195		
807	4194		
808	4193		
809	4192		
810	4191		
811	4190		
812	4189		
813	4188		
814	4187		
815	4186		
816	4185		
817	4184		
818	4183		
819	4182		
820	4181		
821	4180		
822	4179		
823	4178		
824	4177		
825	4176		
826	4175		
827	4174		
828	4173		
829	4172		
830	4171		
831	4170		
832	4169		
833	4168		
834	4167		
835	4166		
836	4165		
837	4164		
838	4163		
839	4162		
840	4161		
841	4160		
842	4159		
843	4158		
844	4157		
845	4156		
846	4155		
847	4154		
848	4153		
849	4152		
850	4151		
851	4150		
852	4149		
853	4148		
854	4147		
855	4146		
856	4145		
857	4144		
858	4143		
859	4142		
860	4141		
861	4140		
862	4139		
863	4138		
864	4137		
865	4136		
866	4135		
867	4134		
868	4133		
869	4132		
870	4131		
871	4130		
872	4129		
873	4128		
874	4127		
875	4126		
876	4125		
877	4124		
878	4123		
879	4122		
880	4121		
881	4120		
882	4119		
883	4118		
884	4117		
885	4116		
886	4115		
887	4114		
888	4113		
889	4112		
890	4111		
891	4110		
892	4109		
893	4108		
894	4107		
895	4106		
896	4105		
897	4104		
898	4103		
899	4102		
900	4101		
901	4100		
902	4099		
903	4098		
904	4097		
905	4096		
906	4095		
907	4094		
908	4093		
909	4092		
910	4091		
911	4090		
912	4089		
913	4088		
914	4087		
915	4086		
916	4085		
917	4084		
918	4083		
919	4082		
920	4081		
921	4080		
922	4079		
923	4078		
924	4077		
925	4076		
926	4075		
927	4074		
928	4073		
929	4072		
930	4071		
931	4070		
932	4069		
933	4068		
934	4067		
935	4066		
936	4065		
937	4064		
938	4063		
939	4062		
940	4061		
941	4060		
942	4059		
943	4058		
944	4057		
945	4056		
946	4055		
947	4054		
948	4053		
949	4052		
950	4051		
951	4050		
952	4049		
953	4048		
954	4047		
955	4046		
956	4045		
957	4044		
958	4043		
959	4042		
960	4041		
961	4040		
962	4039		
963	4038		
964	4037		
965	4036		
966	4035		
967	4034		
968	4033		
969	4032		
970	4031		
971	4030		
972	4029		
973	4028		
974	4027		
975	4026		
976	4025		
977	4024		
978	4023		
979	4022		
980	4021		
981	4020		
982	4019		
983	4018		
984	4017		
985	4016		
986	4015		
987	4014		
988	4013		
989	4012		
990	4011		
991	4010		
992	4009		
993	4008		
994	4007		
995	4006		
996	4005		
997	4004		
998	4003		
999	4002		
1000	4001		
1001	4000		
1002	3999		
1003	3998		
1004	3997		
1005	3996		
1006	3995		
1007	3994		
1008	3993		
1009	3992		
1010	3991		
1011	3990		
1012	3989		
1013	3988		
1014	3987		
1015	3986		
1016	3985		
1017	3984		
1018	3983		
1019	3982		
1020	3981		
1021	3980		
1022	3979		
1023	3978		
1024	3977		
1025	3976		
1026	3975		
1027	3974		
1028	3973		
1029	3972		
1030	3971		
1031	3970		
1032	3969		
1033	3968		
1034	3967		
1035	3966		
1036	3965		
1037	3964		
1038	3963		
1039	3962		
1040	3961		
1041	3960		
1042	3959		
1043	3958		
1044	3957		
1045	3956		
1046	3955		
1047	3954		
1048	3953		
1049	3952		
1050	3951		
1051	3950		
1052	3949		
1053	3948		
1054	3947		
1055	3946		
1056	3945		
1057	3944		
1058	3943		
1059	3942		
1060	3941		
1061	3940		
1062	3939		
1063	3938		
1064	3937		
1065	3936		
1066	3935		
1067	3934		
1068	3933		
1069	3932		
1070	3931		
1071	3930		
1072	3929		
1073	3928		
1074	3927		
1075	3926		
1076	3925		
1077	3924		
1078	3923		
1079	3922		
1080	3921		
1081	3920		
1082	3919		
1083	3918		
1084	3917		
1085	3916		
1086	3915		
1087	3914		
1088	3913		
1089	3912		
1090	3911		
1091	3910		
1092	3909		
1093	3908		
1094	3907		
1095	3906		
1096	3905		
1097	3904		
1098	3903		
1099	3902		
1100	3901		
1101	3900		
1102	3899		
1103	3898		
1104	3897		
1105	3896		
1106	3895		
1107	3894		
1108	3893		
1109	3892		
1110	3891		
1111	3890		
1112	3889		
1113	3888		
1114	3887		
1115	3886		
1116	3885		
1117	3884		
1118	3883		
1119	3882		
1120	3881		
1121	3880		
1122	3879		
1123	3878		
1124	3877		
1125	3876		
1126	3875		
1127	3874		
1128	3873		
1129	3872		
1130	3871		
1131	3870		
1132	3869		
1133	3868		
1134	3867		
1135	3866		
1136	3865		
1137	3864		
1138	3863		
1139	3862		
1140	3861		
1141	3860		
1142	3859		
1143	3858		
1144	3857		
1145	3856		
1146	3855		
1147	3854		
1148	3853		
1149	3852		
1150	3851		
1151	3850		
1152	3849		
1153	3848		
1154	3847		
1155	3846		
1156	3845		
1157	3844		
1158	3843		
1159	3842		
1160	3841		
1161	3840		
1162	3839		
1163	3838		
1164	3837		
1165	3836		
1166	3835		
1167	3834		
1168	3833		
1169	3832		
1170	3831		
1171	3830		
1172	3829		
1173	3828		
1174	3827		
1175	3826		
1176	3825		
1177	3824		
1178	3823		
1179	3822		
1180	3821		
1181	3820		
1182	3819		
1183	3818		
1184	3817		
1185	3816		
1186	3815		
1187	3814		
1188	3813		
1189	3812		
1190	3811		
1191	3810		
1192	3809		
1193	3808		
1194	3807		
1195	3806		
1196	3805		
1197	3804		
1198	3803		
1199	3802		
1200	3801		
1201	3800		
1202	3799		
1203	3798		
1204	3797		
1205	3796		
1206	3795		
1207	3794		
1208	3793		
1209	3792		
1210	3791		
1211	3790		
1212	3789		
1213	3788		
1214	3787		
1215	3786		
1216	3785		
1217	3784		
1218	3783		
1219	3782		
1220	3781		
1221	3780		
1222	3779		
1223	3778		
1224	3777		
1225	3776		
1226	3775		
1227	3774		
1228	3773		
1229	3772		
1230	3771		
1231	3770		
1232	3769		
1233	3768		
1234	3767		
1235	3766		
1236	3765		
1237	3764		
1238	3763		
1239	3762		
1240	3761		
1241	3760		
1242	3759		
1243	3758		
1244	3757		
1245	3756		
1246	3755		
1247	3754		
1248	3753		
1249	3752		
1250	3751		
1251	3750		
1252	3749		
1253	3748		
1254	3747		
1255	3746		
1256	3745		
1257	3744		
1258	3743		
1259	3742		
1260	3741		
1261	3740		
1262	3739		
1263	3738		
1264	3737		
1265	3736		
1266	3735		
1267	3734		
1268	3733		
1269	3732		
1270	3731		
1271	3730		
1272	3729		
1273	3728		
1274	3727		
1275	3726		
1276	3725		
1277	3724		
1278	3723		
1279	3722		
1280	3721		
1281	3720		
1282	3719		
1283	3718		
1284	3717		
1285	3716		
1286	3715		
1287	3714		
1288	3713		
1289	3712		
1290	3711		
1291	3710		
1292	3709		
1293	3708		
1294	3707		
1295	3706		
1296	3705		
1297	3704		
1298	3703		
1299	3702		
1300	3701		
1301	3700		
1302	3699		
1303	3698		
1304	3697		
1305	3696		
1306	3695		
1307	3694		
1308	3693		
1309	3692		
1310	3691		
1311	3690		
1312	3689		
1313	3688		
1314	3687		
1315	3686		
1316	3685		
1317	3684		
1318	3683		
1319	3682		
1320	3681		
1321	3680		
1322	3679		
1323	3678		
1324	3677		
1325	3676		
1326	3675		
1327	3674		
1328	3673		
1329	3672		
1330	3671		
1331	3670		
1332	3669		
1333	3668		
1334	3667		
1335	3666		
1336	3665		
1337	3664		
1338	3663		
1339	3662		
1340	3661		
1341	3660		
1342	3659		
1343	3658		
1344	3657		
1345	3656		
1346	3655		
1347	3654		
1348	3653		
1349	3652		
1350	3651		
1351	3650		
1352	3649		
1353	3648		
1354	3647		
1355	3646		
1356	3645		
1357	3644		
1358	3643		
1359	3642		
1360	3641		
1361	3640		
1362	3639		
1363	3638		
1364	3637		
1365	3636		
1366	3635		
1367	3634		
1368	3633		
1369	3632		
1370	3631		
1371	3630		
1372	3629		
1373	3628		
1374	3627		
1375	3626		
1376	3625		
1377	3624		
1378	3623		
1379	3622		
1380	3621		
1381	3620		
1382	3619		
1383	3618		
1384	3617		
1385	3616		
1386	3615		
1387	3614		
1388	3613		
1389	3612		
1390	3611		
1391	3610		
1392	3609		
1393	3608		
1394	3607		
1395	3606		
1396	3605		
1397	3604		
1398	3603		
1399	3602		
1400	3601		
1401	3600		
1402	3599		
1403	3598		
1404	3597		
1405	3596		
1406	3595		
1407	3594		
1408	3593		
1409	3592		
1410	3591		
1411	3590		
1412	3589		
1413	3588		
1414	3587		
1415	3586		
1416	3585		
1417	3584		
1418	3583		
1419	3582		
1420	3581		
1421	3580		
1422	3579		
1423	3578		
1424	3577		
1425	3576		
1426	3575		
1427	3574		
1428	3573		
1429	3572		
1430	3571		
1431	3570		
1432	3569		
1433	3568		
1434	3567		
1435	3566		
1436	3565		
1437	3564		
1438	3563		
1439	3562		
1440	3561		
1441	3560		
1442	3559		
1443	3558		
1444	3557		
1445	3556		
1446	3555		
1447	3554		
1448	3553		
1449	3552		
1450	3551		
1451	3550		
1452	3549		
1453	3548		
1454	3547		
1455	3546		
1456	3545		
1457	3544		
1458	3543		
1459	3542		
1460	3541		
1461	3540		
1462	3539		
1463	3538		
1464	3537		
1465	3536		
1466	3535		
1467	3534		
1468	3533		
1469	3532		
1470	3531		
1471	3530		
1472	3529		
1473	3528		
1474	3527		
1475	3526		
1476	3525		
1477	3524		
1478	3523		
1479	3522		
1480	3521		
1481	3520		
1482	3519		
1483	3518		
1484	3517		
1485	3516		
1486	3515		
1487	3514		
1488	3513		
1489	3512		
1490	3511		
1491	3510		
1492	3509		
1493	3508		
1494	3507		
1495	3506		
1496	3505		
1497	3504		
1498	3503		
1499	3502		
1500	3501		
1501	3500		
1502	3499		
1503	3498		
1504	3497		
1505	3496		
1506	3495		
1507	3494		
1508	3493		
1509	3492		
1510	3491		
1511	3490		
1512	3489		
1513	3488		
1514	3487		
1515	3486		
1516	3485		
1517	3484		
1518	3483		
1519	3482		
1520	3481		
1521	3480		
1522	3479		
1523	3478		
1524	3477		
1525	3476		
1526	3475		
1527	3474		
1528	3473		
1529	3472		
1530	3471		
1531	3470		
1532	3469		
1533	3468		
1534	3467		
1535	3466		
1536	3465		
1537	3464		
1538	3463		
1539	3462		
1540	3461		
1541	3460		
1542	3459		
1543	3458		
1544	3457		
1545	3456		
1546	3455		
1547	3454		
1548	3453		
1549	3452		
1550	3451		
1551	3450		
1552	3449		
1553	3448		
1554	3447		
1555	3446		
1556	3445		
1557	3444		
1558	3443		
1559	3442		
1560	3441		
1561	3440		
1562	3439		
1563	3438		
1564	3437		
1565	3436		
1566	3435		
1567	3434		
1568	3433		
1569	3432		
1570	3431		
1571	3430		
1572	3429		
1573	3428		
1574	3427		
1575	3426		
1576	3425		
1577	3424		
1578	3423		
1579	3422		
1580	3421		
1581	3420		
1582	3419		
1583	3418		
1584	3417		
1585	3416		
1586	3415		
1587	3414		
1588	3413		
1589	3412		
1590	3411		
1591	3410		
1592	3409		
1593	3408		
1594	3407		
1595	3406		
1596	3405		
1597	3404		
1598	3403		
1599	3402		
1600	3401		
1601	3400		
1602	3399		
1603	3398		
1604	3397		
1605	3396		
1606	3395		
1607	3394		
1608	3393		
1609	3392		
1610	3391		
1611	3390		
1612	3389		
1613	3388		
1614	3387		
1615	3386		
1616	3385		
1617	3384		
1618	3383		
1619	3382		
1620	3381		
1621	3380		
1622	3379		
1623	3378		
1624	3377		
1625	3376		
1626	3375		
1627	3374		
1628	3373		
1629	3372		
1630	3371		
1631	3370		
1632	3369		
1633	3368		
1634	3367		
1635	3366		
1636	3365		
1637	3364		
1638	3363		
1639	3362		
1640	3361		
1641	3360		
1642	3359		
1643	3358		
1644	3357		
1645	3356		
1646	3355		
1647	3354		
1648	3353		
1649	3352		
1650	3351		
1651	3350		
1652	3349		
1653	3348		
1654	3347		
1655	3346		
1656	3345		
1657	3344		
1658	3343		
1659	3342		
1660	3341		
1661	3340		
1662	3339		
1663	3338		
1664	3337		
1665	3336		
1666	3335		
1667	3334		
1668	3333		
1669	3332		
1670	3331		
1671	3330		
1672	3329		
1673	3328		
1674	3327		
1675	3326		
1676	3325		
1677	3324		
1678	3323		
1679	3322		
1680	3321		
1681	3320		
1682	3319		
1683	3318		
1684	3317		
1685	3316		
1686	3315		
1687	3314		
1688	3313		
1689	3312		
1690	3311		
1691	3310		
